65 20
00000000000000000000000000000000000000000000000000000000000000000
00000000000000000000000000000000000000000000000000000000000000000
00000000000000000000000000000000000000000000000000000000000000000
00001000101010000000000000000011000000100000000000000000000000000
00001000101010000010000000000100100011100000000000000000000000000
00001111101110000010000000001000010000100000000000000000000000000
00001000101010000010000000000100100011100000000000000000000000000
00001111101010000011111100000011000000100000000000000000000000000
00000000000000000000010000000000000100100000000000000000000000000
00000011111110000000010000000000000100000000000000000000000000000
00000000000010000011111100000000000111110000000000000000000000000
00000000000010000000000000000000000000000000000000000000000000000
00000000000000000000000000000000000000000000000000000000000000000
00000000000000000000000000000000000000000000000000000000000000000
00000000000000000000000000000000000000000000000000000000000000000
00000000000000000000000000000000000000000000000000000000000000000
00000000000000000000000000000000000000000000000000000000000000000
00000000000000000000000000000000000000000000000000000000000000000
00000000000000000000000000000000000000000000000000000000000000000
00000000000000000000000000000000000000000000000000000000000000000