65 20
00000000000000000000000000000000000000000000000000000000000000000
00000000000000000000000000000000000000000000000000000000000000000
01010101001000000000000000000000000000000000000000000000000000000
01110101001000000000000000000000000000000000000000000000000000000
01010111001111110000000000000000000000000000000000000000000000000
01110101000001000000000000000000000000000000000000000000000000000
00000000000001000000000000000000000000000000000000000000000000000
00011111001111110000000000000000000000000000000000000000000000000
00000001000000000000000000000000000000000000000000000000000000000
00000000000000000000000000000000000000000000000000000000000000000
00000000000000000000000000000111111111111111100000000000000000000
00000000000000000000000000000000000000000000000000000000000000000
00000000000000000000000000000000000000000000000000000000000000000
00000000000000000000000000000000000000000000000000000000000000000
00000000000000000000000000000000000000000000000000000000000000000
00000000000000000000000000000000000000000000000000000000000000000
00000000000000000000000000000000000000000000000000000000000000000
00000000000000000000000000000000000000000000000000000000000000000
00000000000000000000000000000000000000000000000000000000000000000
00000000000000000000000000000000000000000000000000000000000000000