1.750000 3 1 260
1.750000 4 6 260
2.250001 5 7 260
2.250001 6 2 260
2.750003 7 5 260
2.750003 8 3 260
3.500005 9 2 260
3.500005 10 6 260
4.500999 11 7 260
4.750998 12 7 260
5.000997 13 6 260
5.000995 14 6 260
5.250993 15 5 260
5.250992 16 2 260
5.500990 17 6 260
5.750989 18 3 260
5.750988 19 5 260
6.000986 20 1 260
6.250984 21 7 260
6.500982 22 7 260
6.500981 23 6 260
6.750979 24 6 260
6.750978 25 2 260
7.000977 26 2 260
7.250975 27 5 260
7.250974 28 5 260
7.500972 29 1 260
7.750971 30 1 260
7.750969 31 7 260
8.000969 32 7 260
8.000969 33 3 260
8.250969 34 3 260
8.500969 35 6 260
8.500969 36 6 260
8.750970 37 2 260
9.000970 38 5 260
9.000970 39 1 260
9.250970 40 7 260
9.250970 41 2 260
9.250970 42 6 260
9.500970 43 3 260
9.500970 44 5 260
9.500970 45 1 260
9.750970 46 7 260
10.250971 47 6 260
10.500971 48 5 260
11.500972 49 7 260
11.750972 50 6 260
12.000972 51 5 260
12.500973 52 2 260
12.750973 53 1 260
13.500974 54 1 260
14.000974 55 2 260
14.250975 56 5 260
14.500974 57 6 260
14.500975 58 7 260
14.750975 59 6 260
15.000975 60 3 260
15.000975 61 5 260
15.250975 62 2 260
15.500975 63 6 260
15.500975 64 1 260
16.000977 65 7 260
16.250980 66 2 260
16.250980 67 6 260
16.500984 68 3 260
16.750984 69 5 260
17.000988 70 6 260
17.000992 71 6 260
17.250994 72 1 260
17.500996 73 1 260
17.750999 74 7 260
17.750002 75 7 260
18.000002 76 2 260
18.000006 77 2 260
18.250008 78 5 260
18.500008 79 5 260
18.500010 80 3 260
18.750013 81 3 260
19.000015 82 6 260
19.000017 83 6 260
19.250019 84 2 260
19.250021 85 2 260
19.750025 86 5 260
19.750027 87 5 260
20.000031 88 1 260
20.000032 89 1 260
20.250032 90 7 260
20.500034 91 7 260
20.500038 92 2 260
20.750038 93 2 260
20.750040 94 6 260
21.000042 95 6 260
21.250044 96 3 260
21.250048 97 3 260
21.500050 98 5 260
21.750051 99 5 260
21.750053 100 2 260
22.000055 101 2 260
